4347697105698135|03|2025|116
4347697105324179|06|2027|294
4347697105854092|03|2027|725
4347697105506841|03|2027|865
4347697105538760|08|2028|693
4347697105708165|07|2027|864
4347697105796418|06|2026|271
4347697105240896|03|2028|249
4347697105230814|02|2028|844
4347697105031584|03|2025|765
4347697105329467|08|2024|305
4347697105185976|11|2027|853
4347697105806324|11|2027|174
4347697105824160|12|2029|731
4347697105072935|02|2024|687
4347697105321597|10|2029|346
4347697105291584|08|2027|551
4347697105426735|01|2024|134
4347697105493867|11|2024|480
4347697105102963|12|2029|384
4347697105386459|09|2030|415
4347697105587213|10|2024|773
4347697105561473|01|2025|714
4347697105197435|05|2030|299
4347697105253147|03|2028|196
4347697105395708|08|2029|103
4347697105971243|12|2024|149
4347697105287491|06|2029|999
4347697105408691|12|2024|185
4347697105856410|04|2028|558
4347697105953084|04|2027|518
4347697105103698|11|2027|609
4347697105726183|10|2028|818
4347697105532417|12|2028|582
4347697105175068|08|2025|101
4347697105351982|02|2027|929
4347697105012857|09|2025|205
4347697105354028|06|2026|228
4347697105342619|10|2028|789
4347697105861923|10|2024|773
4347697105689357|06|2030|543
4347697105297631|04|2027|101
4347697105614702|11|2024|105
4347697105450289|05|2030|983
4347697105548769|05|2027|911
4347697105094731|04|2027|816
4347697105164278|08|2026|281
4347697105504986|12|2029|500
4347697105031824|02|2030|829
4347697105052689|08|2029|370
4347697105631508|08|2027|268
4347697105689357|11|2026|656
4347697105687104|09|2028|967
4347697105386012|09|2030|530
4347697105920364|10|2025|693
4347697105826405|04|2030|220
4347697105856071|08|2025|750
4347697105987512|02|2029|949
4347697105091265|08|2029|256
4347697105016825|02|2028|501
4347697105149675|07|2027|103
4347697105297508|02|2027|353
4347697105860453|08|2027|215
4347697105891367|11|2030|647
4347697105249186|04|2030|563
4347697105865429|02|2029|833
4347697105956723|04|2028|438
4347697105729864|07|2025|581
4347697105529801|02|2026|191
4347697105730458|04|2025|268
4347697105571860|11|2025|904
4347697105839721|01|2028|696
4347697105246810|02|2030|141
4347697105209651|03|2026|767
4347697105807256|02|2028|720
4347697105807413|01|2030|155
4347697105612078|05|2026|129
4347697105497512|02|2027|845
4347697105286071|08|2026|949
4347697105213869|07|2026|838
4347697105964123|01|2025|781
4347697105940263|03|2030|345
4347697105084237|07|2025|561
4347697105847591|04|2026|470
4347697105154923|01|2026|449
4347697105581307|06|2030|902
4347697105086539|01|2028|836
4347697105201476|11|2027|712
4347697105028614|09|2028|508
4347697105297045|11|2030|649
4347697105765934|06|2025|601
4347697105435892|07|2026|227
4347697105537614|11|2028|455
4347697105501842|11|2029|922
4347697105296310|10|2028|513
4347697105760943|10|2030|831
4347697105624735|06|2029|635
4347697105742693|09|2024|495
4347697105472960|09|2028|680
4347697105759283|03|2027|885
4347697105127689|07|2026|503
4347697105014689|11|2028|939
4347697105354861|10|2029|772
4347697105265083|12|2024|111
4347697105824590|03|2025|421
4347697105498270|11|2030|668
4347697105098435|12|2025|562
4347697105546128|02|2025|341
4347697105416280|03|2026|122
4347697105690538|04|2027|803
4347697105597048|05|2028|577
4347697105376542|05|2030|752
4347697105502469|12|2028|945
4347697105751496|04|2027|675
4347697105694530|01|2025|304
4347697105628041|09|2027|708
4347697105598012|11|2024|869
4347697105905431|07|2027|759
4347697105531096|05|2027|340
4347697105879156|08|2026|291
4347697105638172|01|2026|185
4347697105015496|02|2024|367
4347697105279043|12|2025|383
4347697105152893|03|2027|231
4347697105432097|06|2029|152
4347697105692583|06|2028|475
4347697105246539|05|2027|374
4347697105184953|02|2027|106
4347697105081654|04|2026|520
4347697105205683|06|2028|814
4347697105105362|03|2028|295
4347697105235086|04|2026|889
4347697105148693|11|2024|259
4347697105195280|01|2029|680
4347697105657834|09|2027|447
4347697105813569|05|2030|228
4347697105724980|08|2030|472
4347697105528167|01|2025|925
4347697105348269|09|2026|379
4347697105145236|08|2029|768
4347697105243957|03|2029|363
4347697105642893|02|2024|832
4347697105910324|06|2027|125
4347697105205196|05|2024|821
4347697105286543|10|2030|533
4347697105548736|09|2027|998
4347697105281965|09|2025|418
4347697105593872|06|2029|212
4347697105905381|01|2026|773
4347697105795360|04|2025|117
4347697105815937|08|2027|526
4347697105082645|11|2027|174
4347697105479510|10|2025|987
4347697105670134|06|2024|743
4347697105326984|04|2030|240
4347697105915273|11|2030|765
4347697105075219|05|2024|275
4347697105523804|02|2029|269
4347697105781345|06|2025|746
4347697105097213|02|2029|712
4347697105697350|10|2028|183
4347697105739152|10|2024|902
4347697105036971|12|2029|219
4347697105915034|09|2029|690
4347697105517624|03|2027|386
4347697105781592|07|2027|587
4347697105802349|02|2025|918
4347697105135260|04|2028|680
4347697105069378|01|2027|898
4347697105897356|09|2030|367
4347697105638792|06|2030|736
4347697105801325|10|2026|471
4347697105975046|08|2024|915
4347697105785460|09|2030|522
4347697105461872|01|2027|490
4347697105612540|06|2028|423
4347697105021569|05|2029|846
4347697105134982|04|2024|988
4347697105480765|04|2026|975
4347697105849076|10|2026|432
4347697105351792|04|2027|712
4347697105026378|09|2028|497
4347697105021635|05|2028|187
4347697105429713|10|2029|402
4347697105860214|07|2028|230
4347697105257148|09|2028|931
4347697105763582|12|2028|958
4347697105756982|05|2024|912
4347697105275918|08|2028|500
4347697105218579|12|2028|144
4347697105068149|09|2026|316
4347697105785049|09|2026|892
4347697105894627|01|2025|895
4347697105302589|03|2024|853
4347697105453192|04|2025|814
4347697105378910|02|2025|294
4347697105368572|11|2025|530
4347697105183294|10|2024|163
4347697105621095|05|2027|489
4347697105028473|05|2029|621